Population Size,Mutation Rate,Crossover Rate,Best Chromosome,Best Fitness,Mean Fitness,Std Fitness,Worst Chromosome,Worst Fitness
10,0.1,0.6,[0 0 0 0 1 0 0 1 1 1 0 0],0.8166666666666667,0.7816666666666666,0.017400510848184232,[1 0 0 0 1 1 0 1 0 1 0 1],0.7666666666666667
10,0.1,0.75,[0 0 0 0 1 1 0 0 1 0 0 1],0.8166666666666667,0.7816666666666666,0.013844373104863437,[1 0 0 0 0 1 1 0 1 0 0 1],0.7666666666666667
10,0.1,0.9,[0 0 0 0 1 1 1 0 1 0 0 1],0.8166666666666667,0.8,0.010540925533894595,[0 0 0 0 1 0 0 0 1 0 1 1],0.7833333333333333
10,0.15,0.6,[0 0 0 1 0 0 1 0 1 0 0 1],0.8166666666666667,0.7933333333333333,0.013333333333333336,[1 0 0 0 0 1 0 1 0 0 0 0],0.7833333333333333
10,0.15,0.75,[0 0 0 0 1 1 1 0 1 0 0 1],0.8166666666666667,0.795,0.010671873729054758,[0 0 0 0 0 1 0 0 1 1 1 0],0.7833333333333333
10,0.15,0.9,[0 0 0 0 1 0 1 0 1 0 1 1],0.8166666666666667,0.805,0.007637626158259706,[0 0 0 0 1 1 0 1 1 0 0 1],0.8
10,0.2,0.6,[0 0 0 0 0 0 1 0 0 0 0 1],0.8,0.7849999999999999,0.013844373104863457,[0 0 0 1 0 1 0 1 1 0 0 0],0.7666666666666667
10,0.2,0.75,[0 1 0 1 1 1 1 0 0 0 1 1],0.8166666666666667,0.7883333333333333,0.013017082793177755,[0 0 0 1 0 0 0 1 1 1 0 1],0.7666666666666667
10,0.2,0.9,[0 0 0 0 0 1 1 0 1 0 0 1],0.7833333333333333,0.7833333333333333,0.0,[0 0 0 0 0 1 1 0 1 0 0 1],0.7833333333333333
20,0.1,0.6,[0 0 1 1 1 1 1 0 1 0 1 1],0.8166666666666667,0.7933333333333333,0.011055415967851345,[0 0 0 0 1 0 0 0 1 0 0 1],0.7833333333333333
20,0.1,0.75,[0 0 0 0 1 0 0 1 0 1 0 1],0.8,0.7908333333333333,0.008291561975888526,[0 0 0 0 0 0 0 0 1 0 1 1],0.7833333333333333
20,0.1,0.9,[0 0 0 1 1 0 1 0 1 0 0 1],0.8166666666666667,0.7941666666666667,0.012104865871944967,[0 0 0 0 0 1 0 1 0 1 0 0],0.7833333333333333
20,0.15,0.6,[0 1 0 0 1 1 0 0 1 0 0 0],0.8,0.7891666666666668,0.007949493345141239,[1 1 0 1 0 0 0 1 0 0 0 0],0.7833333333333333
20,0.15,0.75,[0 1 0 0 0 0 0 0 0 0 1 0],0.8166666666666667,0.7891666666666668,0.012104865871944964,[0 0 1 0 0 0 1 0 0 0 0 1],0.7666666666666667
20,0.15,0.9,[0 0 0 1 1 0 0 1 1 1 1 1],0.8166666666666667,0.7966666666666666,0.012472191289246475,[0 0 0 0 0 1 1 1 0 0 0 0],0.7833333333333333
20,0.2,0.6,[0 0 0 0 0 1 0 1 0 0 1 1],0.8166666666666667,0.7933333333333334,0.014337208778404375,[0 0 0 0 0 0 1 0 1 0 0 1],0.7666666666666667
20,0.2,0.75,[0 0 1 0 1 1 0 1 0 1 0 1],0.8,0.7816666666666668,0.008975274678557498,[0 0 0 0 1 0 1 0 1 0 0 1],0.7666666666666667
20,0.2,0.9,[1 0 0 1 1 0 0 0 1 0 1 1],0.8166666666666667,0.7808333333333335,0.016051133570215176,[0 0 0 0 1 1 0 1 0 0 0 0],0.7666666666666667
30,0.1,0.6,[1 0 1 1 0 0 0 0 0 0 0 0],0.8166666666666667,0.7961111111111114,0.011928283640879944,[0 0 1 1 0 1 0 0 0 0 0 0],0.7833333333333333
30,0.1,0.75,[0 0 1 1 1 0 0 0 1 1 0 1],0.8166666666666667,0.7888888888888893,0.009938079899999078,[0 0 0 0 1 0 0 0 1 1 0 0],0.7833333333333333
30,0.1,0.9,[0 0 0 0 1 1 0 0 1 0 0 1],0.8166666666666667,0.7977777777777781,0.012717247935843995,[0 0 0 1 1 0 0 0 1 0 0 1],0.7833333333333333
30,0.15,0.6,[0 0 0 0 1 1 0 0 1 0 1 1],0.8166666666666667,0.7938888888888892,0.010957268290731131,[0 0 0 0 0 0 0 0 1 1 0 1],0.7833333333333333
30,0.15,0.75,[0 0 0 1 1 1 1 0 1 0 0 1],0.8166666666666667,0.7877777777777779,0.011331154474650636,[0 0 1 0 1 0 0 0 0 0 0 1],0.7666666666666667
30,0.15,0.9,[0 0 0 0 1 1 0 0 1 0 1 1],0.8166666666666667,0.7927777777777781,0.011928283640879944,[0 0 0 0 1 0 0 0 0 0 1 1],0.7833333333333333
30,0.2,0.6,[0 0 0 0 1 1 0 0 1 0 0 1],0.8166666666666667,0.7816666666666665,0.016859989894992784,[0 0 1 0 0 0 1 0 0 0 0 0],0.7666666666666667
30,0.2,0.75,[1 0 0 1 1 0 1 1 0 0 1 1],0.8166666666666667,0.7777777777777776,0.014487116456005875,[0 0 0 0 0 0 0 1 1 0 0 0],0.7666666666666667
30,0.2,0.9,[0 0 0 1 1 0 0 0 1 0 0 1],0.8166666666666667,0.7783333333333331,0.013017082793177738,[0 0 0 0 0 0 0 0 0 1 1 1],0.7666666666666667
